a:21,e:07
1-01-0---
400108293
920360501
071005400
230080954
007509032
000630018
700206000
049810305
152090000
1-02-0---
609400800
010708906
008000752
300120508
280364000
167500020
040603000
000000079
020095310
1-03-0---
800002900
000615007
500079602
400080003
902100045
037250190
050706314
004531020
063020079
2-01-0---
000081054
701053800
308000790
002060538
410378020
600502007
020430075
094607200
130020040
2-02-0---
900500006
008037041
243019000
400361700
086970453
030040619
009453107
074108035
051700894
3-01-0---
003090016
002000803
001500000
050040089
096300400
100008000
205010607
030004020
708602050
E00000001
609400800
010708906
008000752
300120508
280364000
167500020
040603000
000000079
020095310
E00000002
405108293
920360501
071005400
230080954
007509032
000630018
700206000
049810305
152090000
E00000003
800002900
000615007
500079602
400080003
902100045
037250190
050706314
004531020
063020079
E00000004
000081054
701053800
308000790
002060538
410378020
600502007
020430075
094607200
130020040
M00003001
200710680
075080000
009030007
958327004
362541970
741068530
010000049
820190700
007250003
M00003002
050001000
302504106
179806542
000903087
000480010
000060204
890705401
710648923
604019758
M00003003
004000367
870000001
961372405
407830090
006150003
059047010
105020070
008591000
000700154
M00003004
059630182
000095763
016200000
873061059
125970634
690000801
000702396
900000007
007340000
M00003005
000000094
635942718
209700500
002600405
980254673
504007021
700060302
000023157
023005869
M00003006
209007000
651004387
800010096
000870021
080009763
790106050
574961830
906000100
310700640
M00003007
089530001
570001006
000740295
108360004
437109650
690000073
701004302
920803000
000070519
M00003008
200000001
405026739
068000425
054638007
830210060
002000010
003105870
506792143
021000956
M00003009
003576801
085000073
071093000
000109387
107080964
008637000
000004036
004320159
002961708
M00003010
000697540
640238091
027400830
308100920
204503167
500709080
786040050
032000470
050072603
H00005001
847050106
006074095
509620000
000390600
100782953
973000200
030016009
050009360
098007402
ANSWER---
----1----
465178293
928364571
371925486
236781954
817549632
594632718
783256149
649817325
152493867
----2----
679452831
512738946
438916752
394127568
285364197
167589423
941673258
853241679
726895314
----3----
876342951
329615487
541879632
415987263
982163745
637254198
258796314
794531826
163428579
----4----
269781354
741953862
358246791
972164538
415378926
683592417
826439175
594617283
137825649
----5----
917584326
568237941
242619578
495361782
186972453
732845619
829453167
674198235
351726894
----6----
483297516
572461893
961583742
357146289
896325471
124978365
245819637
639754128
718632954
E00000001
679452831
512738946
438916752
394127568
285364179
167589423
941673285
853241679
726895314
E00000002
465178293
928364571
371925486
236781954
817549632
594632718
783256149
649817325
152493867
E00000003
876342951
329615487
541879632
415987263
982163745
637254198
258796314
794531826
163428579
E00000004
269781354
741953862
358246791
972164538
415378926
683592417
826439175
594617283
137825649
M00003001
234719685
675482391
189635427
958327164
362541978
741968532
516873249
823194756
497256813
M00003002
456271839
382594176
179836542
241953287
967482315
538167294
893725461
715648923
624319758
M00003003
524918367
873465921
961372485
417836592
286159743
359247618
135624879
748591236
692783154
M00003004
759634182
482195763
316287945
873461259
125978634
694523871
548712396
931856427
267349518
M00003005
817536294
635942718
249718536
372691485
981254673
564387921
758169342
496823157
123475869
M00003006
239687514
651294387
847513296
463875921
185429763
792136458
574961832
926348175
318752649
M00003007
289536741
574291836
316748295
158367924
437129658
692485173
761954382
925813467
843672519
M00003008
279354681
415826739
368971425
154638297
837219564
692547318
943165872
586792143
721483956
M00003009
243576891
985412673
671893425
526149387
137285964
498637512
819754236
764328159
352961748
M00003010
813697542
645238791
927415836
378164925
294583167
561729384
786341259
132956478
459872613
H00005001
847953126
326174895
519628734
285391647
164782953
973465281
432816579
751249368
698537412